step-116,id-77806,parent-77576
1 1 1 1 
1 1 1 1 
3 3 2 2 
- 0 0 3 
- 0 0 3 
step-115,id-77576,parent-77329
1 1 1 1 
1 1 1 1 
3 3 2 2 
0 0 - 3 
0 0 - 3 
step-114,id-77329,parent-77010
1 1 1 1 
1 1 1 1 
3 3 2 2 
0 0 3 - 
0 0 - 3 
step-113,id-77010,parent-76541
1 1 1 1 
1 1 1 1 
3 3 2 2 
0 0 - - 
0 0 3 3 
step-112,id-76541,parent-75984
1 1 1 1 
1 1 1 1 
3 3 - - 
0 0 2 2 
0 0 3 3 
step-111,id-75984,parent-75419
1 1 1 1 
1 1 1 1 
3 - 3 - 
0 0 2 2 
0 0 3 3 
step-110,id-75419,parent-74862
1 1 1 1 
1 1 1 1 
3 - - 3 
0 0 2 2 
0 0 3 3 
step-109,id-74862,parent-74238
1 1 1 1 
1 1 1 1 
- 3 - 3 
0 0 2 2 
0 0 3 3 
step-108,id-74238,parent-73527
1 1 1 1 
1 1 1 1 
- - 3 3 
0 0 2 2 
0 0 3 3 
step-107,id-73527,parent-72815
1 1 1 1 
1 1 1 1 
0 0 3 3 
0 0 2 2 
- - 3 3 
step-106,id-72815,parent-72135
1 1 1 1 
1 1 1 1 
0 0 3 3 
0 0 2 2 
- 3 - 3 
step-105,id-72135,parent-71430
1 1 1 1 
1 1 1 1 
0 0 3 3 
0 0 2 2 
- 3 3 - 
step-104,id-71430,parent-70645
1 1 1 1 
1 1 1 1 
0 0 3 3 
0 0 2 2 
3 - 3 - 
step-103,id-70645,parent-69747
1 1 1 1 
1 1 1 1 
0 0 3 3 
0 0 2 2 
3 3 - - 
step-102,id-69747,parent-68715
1 1 1 1 
1 1 1 1 
0 0 3 3 
0 0 - - 
3 3 2 2 
step-101,id-68715,parent-67626
1 1 1 1 
1 1 1 1 
0 0 3 - 
0 0 - 3 
3 3 2 2 
step-100,id-67626,parent-66594
1 1 1 1 
1 1 1 1 
0 0 - 3 
0 0 - 3 
3 3 2 2 
step-99,id-66594,parent-65612
1 1 1 1 
1 1 1 1 
- 0 0 3 
- 0 0 3 
3 3 2 2 
step-98,id-65612,parent-64673
- 1 1 1 
1 1 1 1 
1 0 0 3 
- 0 0 3 
3 3 2 2 
step-97,id-64673,parent-63799
- 1 1 1 
- 1 1 1 
1 0 0 3 
1 0 0 3 
3 3 2 2 
step-96,id-63799,parent-62964
1 - 1 1 
1 - 1 1 
1 0 0 3 
1 0 0 3 
3 3 2 2 
step-95,id-62964,parent-62163
1 1 - 1 
1 1 - 1 
1 0 0 3 
1 0 0 3 
3 3 2 2 
step-94,id-62163,parent-61429
1 1 1 - 
1 1 1 - 
1 0 0 3 
1 0 0 3 
3 3 2 2 
step-93,id-61429,parent-60780
1 1 1 - 
1 1 1 3 
1 0 0 - 
1 0 0 3 
3 3 2 2 
step-92,id-60780,parent-60191
1 1 1 - 
1 1 1 3 
1 0 0 3 
1 0 0 - 
3 3 2 2 
step-91,id-60191,parent-59675
1 1 1 3 
1 1 1 - 
1 0 0 3 
1 0 0 - 
3 3 2 2 
step-90,id-59675,parent-59237
1 1 1 3 
1 1 1 3 
1 0 0 - 
1 0 0 - 
3 3 2 2 
step-89,id-59237,parent-58860
1 1 1 3 
1 1 1 3 
1 - 0 0 
1 - 0 0 
3 3 2 2 
step-88,id-58860,parent-58528
1 - 1 3 
1 1 1 3 
1 1 0 0 
1 - 0 0 
3 3 2 2 
step-87,id-58528,parent-58172
1 - 1 3 
1 - 1 3 
1 1 0 0 
1 1 0 0 
3 3 2 2 
step-86,id-58172,parent-57818
1 1 - 3 
1 1 - 3 
1 1 0 0 
1 1 0 0 
3 3 2 2 
step-85,id-57818,parent-57504
1 1 - 3 
1 1 3 - 
1 1 0 0 
1 1 0 0 
3 3 2 2 
step-84,id-57504,parent-57256
1 1 3 3 
1 1 - - 
1 1 0 0 
1 1 0 0 
3 3 2 2 
step-83,id-57256,parent-57070
1 1 3 3 
1 1 0 0 
1 1 0 0 
1 1 - - 
3 3 2 2 
step-82,id-57070,parent-56920
1 1 3 3 
1 1 0 0 
1 1 0 0 
1 1 2 2 
3 3 - - 
step-81,id-56920,parent-56772
1 1 3 3 
1 1 0 0 
1 1 0 0 
1 1 2 2 
3 - 3 - 
step-80,id-56772,parent-56620
1 1 3 3 
1 1 0 0 
1 1 0 0 
1 1 2 2 
3 - - 3 
step-79,id-56620,parent-56469
1 1 3 3 
1 1 0 0 
1 1 0 0 
1 1 2 2 
- 3 - 3 
step-78,id-56469,parent-56289
1 1 3 3 
1 1 0 0 
1 1 0 0 
1 1 2 2 
- - 3 3 
step-77,id-56289,parent-56069
1 1 3 3 
1 1 0 0 
1 - 0 0 
1 1 2 2 
- 1 3 3 
step-76,id-56069,parent-55806
1 - 3 3 
1 1 0 0 
1 1 0 0 
1 1 2 2 
- 1 3 3 
step-75,id-55806,parent-55441
1 3 - 3 
1 1 0 0 
1 1 0 0 
1 1 2 2 
- 1 3 3 
step-74,id-55441,parent-54951
1 3 3 - 
1 1 0 0 
1 1 0 0 
1 1 2 2 
- 1 3 3 
step-73,id-54951,parent-54405
1 3 3 - 
1 1 0 0 
- 1 0 0 
1 1 2 2 
1 1 3 3 
step-72,id-54405,parent-53809
- 3 3 - 
1 1 0 0 
1 1 0 0 
1 1 2 2 
1 1 3 3 
step-71,id-53809,parent-53127
3 - 3 - 
1 1 0 0 
1 1 0 0 
1 1 2 2 
1 1 3 3 
step-70,id-53127,parent-52272
3 3 - - 
1 1 0 0 
1 1 0 0 
1 1 2 2 
1 1 3 3 
step-69,id-52272,parent-51294
3 3 0 0 
1 1 0 0 
1 1 - - 
1 1 2 2 
1 1 3 3 
step-68,id-51294,parent-50253
3 3 0 0 
1 1 0 0 
1 1 2 2 
1 1 - - 
1 1 3 3 
step-67,id-50253,parent-48921
3 3 0 0 
1 1 0 0 
1 1 2 2 
1 1 3 - 
1 1 - 3 
step-66,id-48921,parent-47355
3 3 0 0 
1 1 0 0 
1 1 2 2 
1 1 - 3 
1 1 - 3 
step-65,id-47355,parent-45807
3 3 0 0 
1 1 0 0 
1 1 2 2 
1 - 1 3 
1 - 1 3 
step-64,id-45807,parent-44286
3 3 0 0 
1 - 0 0 
1 1 2 2 
1 1 1 3 
1 - 1 3 
step-63,id-44286,parent-42716
3 - 0 0 
1 3 0 0 
1 1 2 2 
1 1 1 3 
1 - 1 3 
step-62,id-42716,parent-41029
- 3 0 0 
1 3 0 0 
1 1 2 2 
1 1 1 3 
1 - 1 3 
step-61,id-41029,parent-39031
- 3 0 0 
1 3 0 0 
1 - 2 2 
1 1 1 3 
1 1 1 3 
step-60,id-39031,parent-36733
- 3 0 0 
1 3 0 0 
1 2 2 - 
1 1 1 3 
1 1 1 3 
step-59,id-36733,parent-34324
1 3 0 0 
1 3 0 0 
- 2 2 - 
1 1 1 3 
1 1 1 3 
step-58,id-34324,parent-31826
1 3 0 0 
1 3 0 0 
2 2 - - 
1 1 1 3 
1 1 1 3 
step-57,id-31826,parent-29332
1 3 0 0 
1 3 0 0 
2 2 1 - 
1 1 1 3 
1 1 - 3 
step-56,id-29332,parent-27016
1 3 0 0 
1 3 0 0 
2 2 1 - 
1 1 1 3 
1 1 3 - 
step-55,id-27016,parent-24957
1 3 0 0 
1 3 0 0 
2 2 1 - 
1 1 1 - 
1 1 3 3 
step-54,id-24957,parent-23007
1 3 0 0 
1 3 0 0 
2 2 - 1 
1 1 - 1 
1 1 3 3 
step-53,id-23007,parent-21127
1 3 0 0 
1 3 0 0 
2 2 - 1 
1 1 3 1 
1 1 - 3 
step-52,id-21127,parent-19422
1 3 0 0 
1 3 0 0 
2 2 - 1 
1 1 3 1 
1 1 3 - 
step-51,id-19422,parent-17884
1 3 0 0 
1 3 0 0 
- 2 2 1 
1 1 3 1 
1 1 3 - 
step-50,id-17884,parent-16488
1 3 0 0 
1 3 0 0 
- 2 2 - 
1 1 3 1 
1 1 3 1 
step-49,id-16488,parent-15176
1 3 0 0 
1 3 0 0 
- - 2 2 
1 1 3 1 
1 1 3 1 
step-48,id-15176,parent-13876
1 3 0 0 
1 - 0 0 
- 3 2 2 
1 1 3 1 
1 1 3 1 
step-47,id-13876,parent-12532
1 3 0 0 
1 - 0 0 
3 - 2 2 
1 1 3 1 
1 1 3 1 
step-46,id-12532,parent-11153
1 3 0 0 
1 - 0 0 
3 1 2 2 
1 1 3 1 
1 - 3 1 
step-45,id-11153,parent-9907
1 3 0 0 
1 1 0 0 
3 1 2 2 
1 - 3 1 
1 - 3 1 
step-44,id-9907,parent-8811
1 3 0 0 
1 1 0 0 
3 1 2 2 
- 1 3 1 
- 1 3 1 
step-43,id-8811,parent-7888
1 3 0 0 
1 1 0 0 
- 1 2 2 
3 1 3 1 
- 1 3 1 
step-42,id-7888,parent-7096
- 3 0 0 
1 1 0 0 
1 1 2 2 
3 1 3 1 
- 1 3 1 
step-41,id-7096,parent-6418
3 - 0 0 
1 1 0 0 
1 1 2 2 
3 1 3 1 
- 1 3 1 
step-40,id-6418,parent-5845
3 1 0 0 
1 1 0 0 
1 - 2 2 
3 1 3 1 
- 1 3 1 
step-39,id-5845,parent-5362
3 1 0 0 
1 1 0 0 
1 1 2 2 
3 1 3 1 
- - 3 1 
step-38,id-5362,parent-4949
3 1 0 0 
1 1 0 0 
1 1 2 2 
3 1 3 1 
- 3 - 1 
step-37,id-4949,parent-4616
3 1 0 0 
1 1 0 0 
1 1 2 2 
3 1 - 1 
- 3 3 1 
step-36,id-4616,parent-4358
3 1 0 0 
1 1 0 0 
1 1 2 2 
3 1 - 1 
3 - 3 1 
step-35,id-4358,parent-4147
3 1 0 0 
1 1 0 0 
1 - 2 2 
3 1 - 1 
3 1 3 1 
step-34,id-4147,parent-3974
3 1 0 0 
1 1 0 0 
1 2 2 - 
3 1 - 1 
3 1 3 1 
step-33,id-3974,parent-3785
3 1 0 0 
1 1 0 0 
1 2 2 1 
3 1 - 1 
3 1 3 - 
step-32,id-3785,parent-3543
3 1 0 0 
1 1 0 0 
1 2 2 1 
3 1 - 1 
3 1 - 3 
step-31,id-3543,parent-3298
3 1 0 0 
1 1 0 0 
1 2 2 1 
3 - 1 1 
3 - 1 3 
step-30,id-3298,parent-3082
3 1 0 0 
1 1 0 0 
1 2 2 1 
3 - 1 1 
- 3 1 3 
step-29,id-3082,parent-2912
3 1 0 0 
1 1 0 0 
1 2 2 1 
- 3 1 1 
- 3 1 3 
step-28,id-2912,parent-2791
3 1 0 0 
- 1 0 0 
1 2 2 1 
1 3 1 1 
- 3 1 3 
step-27,id-2791,parent-2688
- 1 0 0 
3 1 0 0 
1 2 2 1 
1 3 1 1 
- 3 1 3 
step-26,id-2688,parent-2552
- 1 0 0 
3 1 0 0 
- 2 2 1 
1 3 1 1 
1 3 1 3 
step-25,id-2552,parent-2388
- 1 0 0 
- 1 0 0 
3 2 2 1 
1 3 1 1 
1 3 1 3 
step-24,id-2388,parent-2223
1 - 0 0 
1 - 0 0 
3 2 2 1 
1 3 1 1 
1 3 1 3 
step-23,id-2223,parent-2039
1 0 0 - 
1 0 0 - 
3 2 2 1 
1 3 1 1 
1 3 1 3 
step-22,id-2039,parent-1852
1 0 0 - 
1 0 0 1 
3 2 2 1 
1 3 1 - 
1 3 1 3 
step-21,id-1852,parent-1698
1 0 0 1 
1 0 0 1 
3 2 2 - 
1 3 1 - 
1 3 1 3 
step-20,id-1698,parent-1582
1 0 0 1 
1 0 0 1 
3 - 2 2 
1 3 1 - 
1 3 1 3 
step-19,id-1582,parent-1489
1 0 0 1 
1 0 0 1 
- 3 2 2 
1 3 1 - 
1 3 1 3 
step-18,id-1489,parent-1403
1 0 0 1 
1 0 0 1 
1 3 2 2 
1 3 1 - 
- 3 1 3 
step-17,id-1403,parent-1300
1 0 0 1 
1 0 0 1 
1 3 2 2 
1 3 1 - 
3 - 1 3 
step-16,id-1300,parent-1189
1 0 0 1 
1 0 0 1 
1 3 2 2 
1 - 1 - 
3 3 1 3 
step-15,id-1189,parent-1088
1 0 0 1 
1 0 0 1 
1 3 2 2 
1 - 1 3 
3 3 1 - 
step-14,id-1088,parent-987
1 0 0 1 
1 0 0 1 
1 - 2 2 
1 3 1 3 
3 3 1 - 
step-13,id-987,parent-860
1 0 0 1 
1 0 0 1 
1 2 2 - 
1 3 1 3 
3 3 1 - 
step-12,id-860,parent-706
1 0 0 1 
1 0 0 1 
1 2 2 3 
1 3 1 - 
3 3 1 - 
step-11,id-706,parent-562
1 0 0 1 
1 0 0 1 
1 2 2 3 
1 3 - 1 
3 3 - 1 
step-10,id-562,parent-453
1 0 0 1 
1 0 0 1 
1 2 2 3 
1 3 - 1 
3 - 3 1 
step-9,id-453,parent-364
1 0 0 1 
1 0 0 1 
1 2 2 3 
1 3 - 1 
- 3 3 1 
step-8,id-364,parent-294
1 0 0 1 
1 0 0 1 
- 2 2 3 
1 3 - 1 
1 3 3 1 
step-7,id-294,parent-224
1 0 0 1 
1 0 0 1 
2 2 - 3 
1 3 - 1 
1 3 3 1 
step-6,id-224,parent-157
1 0 0 1 
1 0 0 1 
2 2 3 - 
1 3 - 1 
1 3 3 1 
step-5,id-157,parent-90
1 0 0 1 
1 0 0 1 
2 2 3 1 
1 3 - 1 
1 3 3 - 
step-4,id-90,parent-45
1 0 0 1 
1 0 0 1 
2 2 3 1 
1 3 - 1 
1 3 - 3 
step-3,id-45,parent-16
1 0 0 1 
1 0 0 1 
2 2 - 1 
1 3 3 1 
1 3 - 3 
step-2,id-16,parent-4
1 0 0 1 
1 0 0 1 
- 2 2 1 
1 3 3 1 
1 3 - 3 
step-1,id-4,parent-1
1 0 0 1 
1 0 0 1 
1 2 2 1 
1 3 3 1 
- 3 - 3 
step-0,id-1,parent-0
1 0 0 1 
1 0 0 1 
1 2 2 1 
1 3 3 1 
3 - - 3 
